
state={
	id=678
	name="STATE_678"
	manpower=420000
	state_category = wasteland

	history={
		victory_points = {
			12727 5
		}
		owner = SAU
		buildings = {
			infrastructure = 0
		}
		add_core_of = SAU
	}

	provinces={
		5093 4932 5081 8118 10870 12740 12768 12727 13328 13343 13353 13350 13360 12870 13382 13378 13380 13377 10791 2090 13309 8060 13340 13363 13349 5081 13370 4932 13359 13296 13300 13301 13361 13283 13286 13271 13261 13254 13269 13260 1279 13264 13291 13277 13272 13307 13288 13280 13290 13305 13295 13316 13292 13289 13293 13320 13339 13335 13312 13260 13276 13279 13297 13313 13318 13326 13319 13334 13338 13311 13306 13321 13329 13345
	}
}
